freqs:, k index, k1, k2, k3, kmag/2pi, band 1
freqs:, 1, 0, 0, 0, 0, 0
freqs:, 2, 0.0199203, 0, 0, 0.0199203, 0.0122573
freqs:, 3, 0.0398406, 0, 0, 0.0398406, 0.0238092
freqs:, 4, 0.059761, 0, 0, 0.059761, 0.0342847
freqs:, 5, 0.0796813, 0, 0, 0.0796813, 0.0437593
freqs:, 6, 0.0996016, 0, 0, 0.0996016, 0.0525448
freqs:, 7, 0.119522, 0, 0, 0.119522, 0.0609358
freqs:, 8, 0.139442, 0, 0, 0.139442, 0.0691228
freqs:, 9, 0.159363, 0, 0, 0.159363, 0.077211
freqs:, 10, 0.179283, 0, 0, 0.179283, 0.085255
freqs:, 11, 0.199203, 0, 0, 0.199203, 0.0932826
freqs:, 12, 0.219124, 0, 0, 0.219124, 0.101308
freqs:, 13, 0.239044, 0, 0, 0.239044, 0.109339
freqs:, 14, 0.258964, 0, 0, 0.258964, 0.11738
freqs:, 15, 0.278884, 0, 0, 0.278884, 0.125431
freqs:, 16, 0.298805, 0, 0, 0.298805, 0.133495
freqs:, 17, 0.318725, 0, 0, 0.318725, 0.14157
freqs:, 18, 0.338645, 0, 0, 0.338645, 0.149657
freqs:, 19, 0.358566, 0, 0, 0.358566, 0.157755
freqs:, 20, 0.378486, 0, 0, 0.378486, 0.165864
freqs:, 21, 0.398406, 0, 0, 0.398406, 0.173981
freqs:, 22, 0.418327, 0, 0, 0.418327, 0.182107
freqs:, 23, 0.438247, 0, 0, 0.438247, 0.19024
freqs:, 24, 0.458167, 0, 0, 0.458167, 0.198377
freqs:, 25, 0.478088, 0, 0, 0.478088, 0.206517
freqs:, 26, 0.498008, 0, 0, 0.498008, 0.214655
freqs:, 27, 0.517928, 0, 0, 0.517928, 0.222787
freqs:, 28, 0.537849, 0, 0, 0.537849, 0.2309
freqs:, 29, 0.557769, 0, 0, 0.557769, 0.238973
freqs:, 30, 0.577689, 0, 0, 0.577689, 0.246952
freqs:, 31, 0.59761, 0, 0, 0.59761, 0.254709
freqs:, 32, 0.61753, 0, 0, 0.61753, 0.261982
freqs:, 33, 0.63745, 0, 0, 0.63745, 0.268582
freqs:, 34, 0.657371, 0, 0, 0.657371, 0.274638
freqs:, 35, 0.677291, 0, 0, 0.677291, 0.280364
freqs:, 36, 0.697211, 0, 0, 0.697211, 0.285891
freqs:, 37, 0.717131, 0, 0, 0.717131, 0.291294
freqs:, 38, 0.737052, 0, 0, 0.737052, 0.296614
freqs:, 39, 0.756972, 0, 0, 0.756972, 0.301875
freqs:, 40, 0.776892, 0, 0, 0.776892, 0.307096
freqs:, 41, 0.796813, 0, 0, 0.796813, 0.312289
freqs:, 42, 0.816733, 0, 0, 0.816733, 0.31746
freqs:, 43, 0.836653, 0, 0, 0.836653, 0.322618
freqs:, 44, 0.856574, 0, 0, 0.856574, 0.327765
freqs:, 45, 0.876494, 0, 0, 0.876494, 0.332907
freqs:, 46, 0.896414, 0, 0, 0.896414, 0.338047
freqs:, 47, 0.916335, 0, 0, 0.916335, 0.343185
freqs:, 48, 0.936255, 0, 0, 0.936255, 0.348324
freqs:, 49, 0.956175, 0, 0, 0.956175, 0.353466
freqs:, 50, 0.976096, 0, 0, 0.976096, 0.358611
freqs:, 51, 0.996016, 0, 0, 0.996016, 0.363761
freqs:, 52, 1.01594, 0, 0, 1.01594, 0.368916
freqs:, 53, 1.03586, 0, 0, 1.03586, 0.374077
freqs:, 54, 1.05578, 0, 0, 1.05578, 0.379243
freqs:, 55, 1.0757, 0, 0, 1.0757, 0.384416
freqs:, 56, 1.09562, 0, 0, 1.09562, 0.389596
freqs:, 57, 1.11554, 0, 0, 1.11554, 0.394783
freqs:, 58, 1.13546, 0, 0, 1.13546, 0.399976
freqs:, 59, 1.15538, 0, 0, 1.15538, 0.405177
freqs:, 60, 1.1753, 0, 0, 1.1753, 0.410385
freqs:, 61, 1.19522, 0, 0, 1.19522, 0.4156
freqs:, 62, 1.21514, 0, 0, 1.21514, 0.420822
freqs:, 63, 1.23506, 0, 0, 1.23506, 0.426051
freqs:, 64, 1.25498, 0, 0, 1.25498, 0.431288
freqs:, 65, 1.2749, 0, 0, 1.2749, 0.436531
freqs:, 66, 1.29482, 0, 0, 1.29482, 0.441781
freqs:, 67, 1.31474, 0, 0, 1.31474, 0.447038
freqs:, 68, 1.33466, 0, 0, 1.33466, 0.452302
freqs:, 69, 1.35458, 0, 0, 1.35458, 0.457573
freqs:, 70, 1.3745, 0, 0, 1.3745, 0.46285
freqs:, 71, 1.39442, 0, 0, 1.39442, 0.468134
freqs:, 72, 1.41434, 0, 0, 1.41434, 0.473424
freqs:, 73, 1.43426, 0, 0, 1.43426, 0.47872
freqs:, 74, 1.45418, 0, 0, 1.45418, 0.484023
freqs:, 75, 1.4741, 0, 0, 1.4741, 0.489332
freqs:, 76, 1.49402, 0, 0, 1.49402, 0.494646
freqs:, 77, 1.51394, 0, 0, 1.51394, 0.499967
freqs:, 78, 1.53386, 0, 0, 1.53386, 0.505293
freqs:, 79, 1.55378, 0, 0, 1.55378, 0.510625
freqs:, 80, 1.57371, 0, 0, 1.57371, 0.515962
freqs:, 81, 1.59363, 0, 0, 1.59363, 0.521305
freqs:, 82, 1.61355, 0, 0, 1.61355, 0.526653
freqs:, 83, 1.63347, 0, 0, 1.63347, 0.532007
freqs:, 84, 1.65339, 0, 0, 1.65339, 0.537366
freqs:, 85, 1.67331, 0, 0, 1.67331, 0.542729
freqs:, 86, 1.69323, 0, 0, 1.69323, 0.548098
freqs:, 87, 1.71315, 0, 0, 1.71315, 0.553471
freqs:, 88, 1.73307, 0, 0, 1.73307, 0.55885
freqs:, 89, 1.75299, 0, 0, 1.75299, 0.564233
freqs:, 90, 1.77291, 0, 0, 1.77291, 0.56962
freqs:, 91, 1.79283, 0, 0, 1.79283, 0.575012
freqs:, 92, 1.81275, 0, 0, 1.81275, 0.580409
freqs:, 93, 1.83267, 0, 0, 1.83267, 0.58581
freqs:, 94, 1.85259, 0, 0, 1.85259, 0.591215
freqs:, 95, 1.87251, 0, 0, 1.87251, 0.596625
freqs:, 96, 1.89243, 0, 0, 1.89243, 0.602038
freqs:, 97, 1.91235, 0, 0, 1.91235, 0.607456
freqs:, 98, 1.93227, 0, 0, 1.93227, 0.612877
freqs:, 99, 1.95219, 0, 0, 1.95219, 0.618303
freqs:, 100, 1.97211, 0, 0, 1.97211, 0.623732
freqs:, 101, 1.99203, 0, 0, 1.99203, 0.629165
freqs:, 102, 2.01195, 0, 0, 2.01195, 0.634602
freqs:, 103, 2.03187, 0, 0, 2.03187, 0.640042
freqs:, 104, 2.05179, 0, 0, 2.05179, 0.645486
freqs:, 105, 2.07171, 0, 0, 2.07171, 0.650933
freqs:, 106, 2.09163, 0, 0, 2.09163, 0.656384
freqs:, 107, 2.11155, 0, 0, 2.11155, 0.661839
freqs:, 108, 2.13147, 0, 0, 2.13147, 0.667296
freqs:, 109, 2.15139, 0, 0, 2.15139, 0.672757
freqs:, 110, 2.17131, 0, 0, 2.17131, 0.678221
freqs:, 111, 2.19124, 0, 0, 2.19124, 0.683689
freqs:, 112, 2.21116, 0, 0, 2.21116, 0.689159
freqs:, 113, 2.23108, 0, 0, 2.23108, 0.694632
freqs:, 114, 2.251, 0, 0, 2.251, 0.700109
freqs:, 115, 2.27092, 0, 0, 2.27092, 0.705588
freqs:, 116, 2.29084, 0, 0, 2.29084, 0.711071
freqs:, 117, 2.31076, 0, 0, 2.31076, 0.716556
freqs:, 118, 2.33068, 0, 0, 2.33068, 0.722044
freqs:, 119, 2.3506, 0, 0, 2.3506, 0.727535
freqs:, 120, 2.37052, 0, 0, 2.37052, 0.733028
freqs:, 121, 2.39044, 0, 0, 2.39044, 0.738525
freqs:, 122, 2.41036, 0, 0, 2.41036, 0.744023
freqs:, 123, 2.43028, 0, 0, 2.43028, 0.749525
freqs:, 124, 2.4502, 0, 0, 2.4502, 0.755029
freqs:, 125, 2.47012, 0, 0, 2.47012, 0.760536
freqs:, 126, 2.49004, 0, 0, 2.49004, 0.766045
freqs:, 127, 2.50996, 0, 0, 2.50996, 0.771556
freqs:, 128, 2.52988, 0, 0, 2.52988, 0.77707
freqs:, 129, 2.5498, 0, 0, 2.5498, 0.782586
freqs:, 130, 2.56972, 0, 0, 2.56972, 0.788105
freqs:, 131, 2.58964, 0, 0, 2.58964, 0.793626
freqs:, 132, 2.60956, 0, 0, 2.60956, 0.799149
freqs:, 133, 2.62948, 0, 0, 2.62948, 0.804675
freqs:, 134, 2.6494, 0, 0, 2.6494, 0.810202
freqs:, 135, 2.66932, 0, 0, 2.66932, 0.815732
freqs:, 136, 2.68924, 0, 0, 2.68924, 0.821264
freqs:, 137, 2.70916, 0, 0, 2.70916, 0.826798
freqs:, 138, 2.72908, 0, 0, 2.72908, 0.832334
freqs:, 139, 2.749, 0, 0, 2.749, 0.837872
freqs:, 140, 2.76892, 0, 0, 2.76892, 0.843413
freqs:, 141, 2.78884, 0, 0, 2.78884, 0.848955
freqs:, 142, 2.80876, 0, 0, 2.80876, 0.854499
freqs:, 143, 2.82869, 0, 0, 2.82869, 0.860045
freqs:, 144, 2.84861, 0, 0, 2.84861, 0.865593
freqs:, 145, 2.86853, 0, 0, 2.86853, 0.871143
freqs:, 146, 2.88845, 0, 0, 2.88845, 0.876695
freqs:, 147, 2.90837, 0, 0, 2.90837, 0.882248
freqs:, 148, 2.92829, 0, 0, 2.92829, 0.887803
freqs:, 149, 2.94821, 0, 0, 2.94821, 0.893361
freqs:, 150, 2.96813, 0, 0, 2.96813, 0.898919
freqs:, 151, 2.98805, 0, 0, 2.98805, 0.90448
freqs:, 152, 3.00797, 0, 0, 3.00797, 0.910042
freqs:, 153, 3.02789, 0, 0, 3.02789, 0.915606
freqs:, 154, 3.04781, 0, 0, 3.04781, 0.921172
freqs:, 155, 3.06773, 0, 0, 3.06773, 0.926739
freqs:, 156, 3.08765, 0, 0, 3.08765, 0.932308
freqs:, 157, 3.10757, 0, 0, 3.10757, 0.937878
freqs:, 158, 3.12749, 0, 0, 3.12749, 0.943451
freqs:, 159, 3.14741, 0, 0, 3.14741, 0.949024
freqs:, 160, 3.16733, 0, 0, 3.16733, 0.954599
freqs:, 161, 3.18725, 0, 0, 3.18725, 0.960176
freqs:, 162, 3.20717, 0, 0, 3.20717, 0.965754
freqs:, 163, 3.22709, 0, 0, 3.22709, 0.971334
freqs:, 164, 3.24701, 0, 0, 3.24701, 0.976915
freqs:, 165, 3.26693, 0, 0, 3.26693, 0.982497
freqs:, 166, 3.28685, 0, 0, 3.28685, 0.988081
freqs:, 167, 3.30677, 0, 0, 3.30677, 0.993667
freqs:, 168, 3.32669, 0, 0, 3.32669, 0.999253
freqs:, 169, 3.34661, 0, 0, 3.34661, 1.00484
freqs:, 170, 3.36653, 0, 0, 3.36653, 1.01043
freqs:, 171, 3.38645, 0, 0, 3.38645, 1.01602
freqs:, 172, 3.40637, 0, 0, 3.40637, 1.02161
freqs:, 173, 3.42629, 0, 0, 3.42629, 1.02721
freqs:, 174, 3.44622, 0, 0, 3.44622, 1.0328
freqs:, 175, 3.46614, 0, 0, 3.46614, 1.0384
freqs:, 176, 3.48606, 0, 0, 3.48606, 1.04399
freqs:, 177, 3.50598, 0, 0, 3.50598, 1.04959
freqs:, 178, 3.5259, 0, 0, 3.5259, 1.05519
freqs:, 179, 3.54582, 0, 0, 3.54582, 1.06079
freqs:, 180, 3.56574, 0, 0, 3.56574, 1.0664
freqs:, 181, 3.58566, 0, 0, 3.58566, 1.072
freqs:, 182, 3.60558, 0, 0, 3.60558, 1.0776
freqs:, 183, 3.6255, 0, 0, 3.6255, 1.08321
freqs:, 184, 3.64542, 0, 0, 3.64542, 1.08882
freqs:, 185, 3.66534, 0, 0, 3.66534, 1.09442
freqs:, 186, 3.68526, 0, 0, 3.68526, 1.10003
freqs:, 187, 3.70518, 0, 0, 3.70518, 1.10564
freqs:, 188, 3.7251, 0, 0, 3.7251, 1.11125
freqs:, 189, 3.74502, 0, 0, 3.74502, 1.11687
freqs:, 190, 3.76494, 0, 0, 3.76494, 1.12248
freqs:, 191, 3.78486, 0, 0, 3.78486, 1.12809
freqs:, 192, 3.80478, 0, 0, 3.80478, 1.13371
freqs:, 193, 3.8247, 0, 0, 3.8247, 1.13932
freqs:, 194, 3.84462, 0, 0, 3.84462, 1.14494
freqs:, 195, 3.86454, 0, 0, 3.86454, 1.15056
freqs:, 196, 3.88446, 0, 0, 3.88446, 1.15618
freqs:, 197, 3.90438, 0, 0, 3.90438, 1.1618
freqs:, 198, 3.9243, 0, 0, 3.9243, 1.16742
freqs:, 199, 3.94422, 0, 0, 3.94422, 1.17304
freqs:, 200, 3.96414, 0, 0, 3.96414, 1.17867
freqs:, 201, 3.98406, 0, 0, 3.98406, 1.18429
freqs:, 202, 4.00398, 0, 0, 4.00398, 1.18992
freqs:, 203, 4.0239, 0, 0, 4.0239, 1.19554
freqs:, 204, 4.04382, 0, 0, 4.04382, 1.20117
freqs:, 205, 4.06375, 0, 0, 4.06375, 1.2068
freqs:, 206, 4.08367, 0, 0, 4.08367, 1.21242
freqs:, 207, 4.10359, 0, 0, 4.10359, 1.21805
freqs:, 208, 4.12351, 0, 0, 4.12351, 1.22368
freqs:, 209, 4.14343, 0, 0, 4.14343, 1.22932
freqs:, 210, 4.16335, 0, 0, 4.16335, 1.23495
freqs:, 211, 4.18327, 0, 0, 4.18327, 1.24058
freqs:, 212, 4.20319, 0, 0, 4.20319, 1.24622
freqs:, 213, 4.22311, 0, 0, 4.22311, 1.25185
freqs:, 214, 4.24303, 0, 0, 4.24303, 1.25749
freqs:, 215, 4.26295, 0, 0, 4.26295, 1.26312
freqs:, 216, 4.28287, 0, 0, 4.28287, 1.26876
freqs:, 217, 4.30279, 0, 0, 4.30279, 1.2744
freqs:, 218, 4.32271, 0, 0, 4.32271, 1.28003
freqs:, 219, 4.34263, 0, 0, 4.34263, 1.28567
freqs:, 220, 4.36255, 0, 0, 4.36255, 1.29131
freqs:, 221, 4.38247, 0, 0, 4.38247, 1.29696
freqs:, 222, 4.40239, 0, 0, 4.40239, 1.3026
freqs:, 223, 4.42231, 0, 0, 4.42231, 1.30824
freqs:, 224, 4.44223, 0, 0, 4.44223, 1.31388
freqs:, 225, 4.46215, 0, 0, 4.46215, 1.31953
freqs:, 226, 4.48207, 0, 0, 4.48207, 1.32517
freqs:, 227, 4.50199, 0, 0, 4.50199, 1.33082
freqs:, 228, 4.52191, 0, 0, 4.52191, 1.33646
freqs:, 229, 4.54183, 0, 0, 4.54183, 1.34211
freqs:, 230, 4.56175, 0, 0, 4.56175, 1.34776
freqs:, 231, 4.58167, 0, 0, 4.58167, 1.3534
freqs:, 232, 4.60159, 0, 0, 4.60159, 1.35905
freqs:, 233, 4.62151, 0, 0, 4.62151, 1.3647
freqs:, 234, 4.64143, 0, 0, 4.64143, 1.37035
freqs:, 235, 4.66135, 0, 0, 4.66135, 1.376
freqs:, 236, 4.68127, 0, 0, 4.68127, 1.38165
freqs:, 237, 4.7012, 0, 0, 4.7012, 1.38731
freqs:, 238, 4.72112, 0, 0, 4.72112, 1.39296
freqs:, 239, 4.74104, 0, 0, 4.74104, 1.39861
freqs:, 240, 4.76096, 0, 0, 4.76096, 1.40427
freqs:, 241, 4.78088, 0, 0, 4.78088, 1.40992
freqs:, 242, 4.8008, 0, 0, 4.8008, 1.41558
freqs:, 243, 4.82072, 0, 0, 4.82072, 1.42123
freqs:, 244, 4.84064, 0, 0, 4.84064, 1.42689
freqs:, 245, 4.86056, 0, 0, 4.86056, 1.43254
freqs:, 246, 4.88048, 0, 0, 4.88048, 1.4382
freqs:, 247, 4.9004, 0, 0, 4.9004, 1.44386
freqs:, 248, 4.92032, 0, 0, 4.92032, 1.44952
freqs:, 249, 4.94024, 0, 0, 4.94024, 1.45518
freqs:, 250, 4.96016, 0, 0, 4.96016, 1.46084
freqs:, 251, 4.98008, 0, 0, 4.98008, 1.4665
freqs:, 252, 5, 0, 0, 5, 1.47216
